976 99 9
612 22 6
392 37 7
635 32 7
359 96 2
918 26 1
755 97 3
62 98 4
944 94 10
57 29 8
957 92 6
451 34 1
539 21 7
260 43 5
932 86 1
707 89 1
312 16 2
915 40 7
463 22 7
173 60 6
567 60 5
412 79 8
408 95 6
905 30 4
432 11 5
963 37 4
597 6 10
92 16 3
20 94 5
15 54 6
248 63 3
585 20 3
128 41 4
329 85 3
937 5 3
959 53 2
71 40 6
866 8 9
975 8 3
55 65 10
462 43 2
645 38 4
832 56 6
285 47 9
389 56 3
160 47 4
722 67 3
251 90 3
616 10 6
892 66 2
420 21 10
606 86 7
998 61 10
88 31 8
95 75 8
522 31 9
247 93 5
377 38 1
909 37 2
60 64 7
474 16 6
475 64 4
913 65 2
525 81 6
205 12 1
194 16 9
138 24 7
670 60 5
311 61 1
681 47 4
269 97 8
662 26 1
663 15 6
948 82 6
879 23 2
433 91 1
546 72 4
872 81 6
524 44 2
344 67 7
282 11 10
323 23 5
219 50 4
717 95 1
662 100 5
269 54 4
856 80 2
884 46 10
765 69 6
128 43 9
595 45 8
824 65 9
573 71 4
723 85 9
96 99 10
68 99 5
898 53 7
557 100 1
613 46 6
979 79 4
306 74 2
586 93 9
285 62 9
762 77 10
450 78 5
550 83 1
299 39 5
598 11 6
631 53 10
365 56 9
289 99 1
446 18 3
814 99 2
714 41 9
719 78 8
614 46 1
65 50 2
303 44 9
29 8 5
185 49 7
36 15 5
131 89 3
557 29 8
239 33 8
354 55 7
555 54 1
145 66 9
719 68 3
270 85 7
432 40 1
108 32 6
464 10 3
849 17 5
459 99 1
548 9 3
561 83 4
415 17 2
322 67 7
684 26 9
357 75 6
771 100 1
622 9 5
676 41 5
321 29 10
315 60 10
931 26 1
106 42 4
173 14 7
82 58 8
600 27 8
707 81 2
613 51 8
542 12 3
57 85 7
320 54 5
796 27 2
12 44 3
957 38 4
169 100 6
601 73 1
601 39 7
760 42 9
649 70 1
476 67 1
721 13 8
470 40 6
732 38 7
318 9 6
284 41 4
853 55 9
278 69 1
301 55 3
589 22 8
320 71 6
730 28 3
794 84 7
418 25 3
919 53 10
847 14 9
679 95 8
83 10 10
335 66 2
401 92 9
7 45 4
366 61 7
384 22 1
35 57 2
61 96 8
227 14 4
976 6 3
255 97 4
362 52 10
807 85 2
150 38 6
722 90 8
14 71 9
969 81 8
263 23 2
200 67 2
103 31 8
385 74 7
832 89 10
816 66 6
993 90 2
254 20 8
801 42 4
865 11 5
722 5 3
975 50 7
963 81 10
749 89 1
422 53 4
745 65 5
846 94 6
242 22 9
81 17 9
854 60 6
779 38 2
691 71 2
486 82 4
140 15 8
407 86 3
546 5 9
679 76 10
817 74 6
606 70 9
925 63 2
711 43 9
519 43 9
94 60 4
799 7 8
114 14 7
400 69 4
176 34 8
493 63 4
453 26 7
759 49 5
856 47 5
753 26 1
848 34 2
804 42 8
585 67 9
997 70 8
258 100 1
812 24 7
456 22 9
507 44 6
887 10 6
840 45 2
859 69 6
697 58 8
261 8 7
948 14 8
515 65 2
902 61 8
187 9 9
381 83 8
72 76 7
428 23 1
711 82 9
624 65 10
260 38 7
365 42 6
339 20 7
69 51 5
406 11 9
229 78 8
199 27 8
904 53 9
942 62 9
887 54 10
443 8 4
486 53 10
658 50 5
374 63 9
428 60 8
865 92 5
265 98 7
639 29 4
35 77 7
281 62 4
419 57 6
910 89 3
949 61 3
781 38 5
128 24 6
732 94 4
956 51 8
924 88 7
509 6 7
110 98 5
399 98 4
367 47 4
31 11 6
335 13 8
72 75 3
743 76 5
484 7 1
197 70 5
552 31 4
968 37 8
785 96 6
281 84 4
869 79 9
652 75 9
592 34 3
24 39 1
443 74 6
599 82 4
829 42 1
546 18 1
118 17 2
276 81 3
77 41 6
963 87 1
399 52 8
883 64 3
126 39 8
450 82 8
574 35 6
913 9 9
587 44 2
776 85 2
307 60 10
926 93 3
701 17 2
993 60 1
734 42 9
497 84 2
221 57 10
486 30 2
987 96 3
171 89 2
201 46 5
450 31 6
904 95 8
552 10 9
874 98 6
843 67 1
610 62 8
529 11 10
640 42 10
509 81 9
996 36 2
364 8 7
666 75 10
438 15 3
11 36 7
713 96 9
297 76 10
51 54 9
432 88 4
797 70 7
986 67 2
938 12 2
948 64 3
458 23 7
990 9 7
776 83 5
126 46 9
296 70 4
824 57 10
757 62 3
123 61 1
518 69 6
319 23 10
655 77 5
682 23 7
143 97 10
208 94 4
934 91 6
992 34 8
439 61 3
137 44 3
12 31 7
799 81 2
691 52 6
606 85 9
274 55 10
310 98 1
129 78 7
647 18 1
748 84 5
874 27 4
199 24 1
345 42 3
749 11 9
769 67 2
814 95 8
864 81 5
400 40 1
513 73 6
794 13 8
323 31 4
521 86 1
897 81 4
431 89 4
11 32 9
516 76 9
974 21 7
626 48 7
689 64 9
292 55 6
380 24 3
925 90 9
479 41 3
443 23 6
359 21 3
598 41 8
460 82 2
646 97 10
259 96 6
485 41 7
888 7 2
77 57 5
419 55 1
445 7 7
19 87 8
28 62 6
76 94 2
807 73 1
450 44 10
160 17 4
598 33 2
319 82 7
205 30 1
130 10 9
622 11 2
416 8 8
488 85 10
196 7 7
290 9 10
363 58 9
134 71 4
796 50 9
124 79 4
851 61 2
182 37 7
330 30 3
797 6 10
980 15 9
379 53 10
576 87 7
46 31 7
945 79 10
447 95 6
476 92 2
169 66 4
166 24 5
427 36 5
509 68 8
326 32 7
932 57 3
464 44 1
442 18 3
685 68 5
796 52 4
493 53 3
552 69 10
803 59 5
569 31 9
875 24 1
524 95 10
983 69 7
149 83 4
730 88 3
39 86 5
375 56 5
103 97 6
929 41 3
580 92 8
471 52 3
383 48 3
499 51 6
97 29 10
656 7 7
535 49 3
363 12 3
993 32 2
843 40 6
629 79 1
354 24 9
725 34 10
136 56 1
303 84 3
646 8 1
457 69 8
30 22 10
827 84 6
288 23 1
103 14 9
573 26 10
615 48 9
502 58 8
574 40 1
26 27 10
339 67 8
902 17 2
899 16 6
143 61 9
218 73 3
746 62 3
174 21 6
967 9 1
765 41 8
64 52 4
743 65 8
941 54 8
712 7 2
660 13 5
982 17 6
248 85 10
813 59 9
718 27 1
835 61 7
747 23 5
495 37 1
723 41 8
417 31 8
719 28 2
622 23 5
247 69 6
679 68 5
839 22 9
814 8 8
992 12 5
677 86 5
223 74 1
151 89 4
303 92 1
226 29 5
88 63 9
516 36 7
320 70 10
549 93 10
618 23 5
579 39 3
754 53 5
482 73 8
446 30 2
264 57 2
706 59 7
707 28 7
768 15 3
2 33 9
632 96 4
897 53 2
316 100 1
902 67 2
272 43 10
318 5 4
752 98 4
731 90 5
116 85 5
433 47 1
956 41 5
113 9 8
787 36 9
425 27 2
164 8 5
555 98 1
888 99 8
316 34 6
431 29 10
493 91 9
581 100 5
899 74 6
469 41 10
620 69 2
368 12 3
516 11 5
837 47 7
404 96 2
553 97 10
686 21 4
305 60 7
935 87 3
924 62 7
533 72 4
162 91 1
926 48 10
387 24 2
129 96 4
840 56 2
732 68 6
476 8 6
686 20 10
248 49 9
853 84 5
887 69 4
917 63 8
805 97 10
479 56 3
261 31 1
290 45 3
554 90 1
181 74 3
308 24 4
608 41 5
855 88 7
4 87 3
254 59 4
689 5 6
27 62 2
132 81 10
664 84 7
195 47 8
932 65 6
759 34 6
239 57 8
285 9 4
231 68 10
133 34 10
155 70 2
509 55 10
203 24 6
614 26 7
532 74 1
785 27 8
102 44 6
514 65 5
630 99 2
796 14 7
225 77 5
824 53 3
614 86 4
806 59 6
892 76 7
25 12 3
702 58 10
267 82 10
683 65 2
350 64 5
105 71 6
401 37 7
57 23 9
652 40 9
85 57 4
711 33 6
736 100 2
418 90 9
924 64 6
241 57 9
147 65 9
605 80 6
603 92 10
749 26 3
880 78 7
560 48 2
839 90 9
822 40 3
699 23 2
993 17 1
239 57 6
37 32 2
702 70 4
642 6 3
314 10 7
652 45 8
330 8 7
542 67 2
223 70 9
747 76 5
466 25 3
293 97 6
984 71 4
822 69 9
247 59 2
301 54 4
448 59 6
487 57 4
706 25 8
207 20 4
115 42 5
226 5 1
76 28 9
80 88 10
521 75 3
637 26 10
461 95 9
280 34 8
768 58 9
250 72 1
776 49 4
823 35 8
752 75 4
819 76 3
273 80 4
698 40 1
394 98 4
415 10 2
970 81 6
6 66 4
7 87 7
599 83 2
477 17 10
198 78 5
88 60 1
682 50 6
868 92 8
538 88 10
658 90 9
804 35 7
311 68 5
12 31 10
377 28 7
931 14 7
977 57 10
809 74 3
757 35 6
40 82 7
750 19 3
380 82 4
573 46 3
466 16 10
847 23 8
911 93 9
956 68 6
254 60 1
843 40 2
952 78 4
473 98 9
83 13 7
92 42 8
238 90 5
92 11 4
114 77 6
376 57 9
634 67 2
181 58 3
698 32 3
265 18 4
503 43 2
793 54 6
92 31 7
379 98 1
773 47 1
224 24 2
784 75 1
555 44 1
612 24 5
426 11 6
630 23 1
849 34 10
540 66 4
785 100 8
276 24 5
880 10 10
336 49 10
54 30 7
108 11 10
306 69 5
418 80 5
820 67 4
899 83 1
609 80 8
210 20 6
864 68 1
886 70 2
776 37 3
20 40 9
855 79 2
940 75 7
912 5 3
674 6 1
966 43 2
954 68 8
917 78 6
894 55 10
928 30 3
449 17 5
601 66 7
976 18 3
272 14 7
793 30 8
821 27 4
736 59 10
825 83 2
50 27 3
198 22 6
941 89 3
730 83 9
156 7 7
681 72 1
581 29 2
233 42 5
16 74 7
529 38 4
317 97 5
921 99 7
595 63 2
370 28 2
311 9 8
384 63 6
630 99 6
262 35 4
244 45 7
382 14 5
864 44 10
38 30 3
678 63 3
406 19 10
942 26 9
331 53 5
192 35 3
662 55 2
237 94 7
91 24 3
166 48 4
317 54 5
757 96 3
746 100 7
796 66 9
19 99 6
633 7 5
125 17 7
766 8 3
861 38 4
175 34 7
731 73 6
595 53 5
492 30 1
268 8 2
963 78 2
503 27 1
124 73 7
398 75 5
405 87 8
82 73 6
504 19 4
272 19 4
562 93 4
410 9 6
524 89 4
622 79 1
163 94 4
228 68 4
489 97 2
125 71 6
542 60 4
119 21 8
181 91 4
142 79 10
74 84 9
598 45 6
372 27 8
555 33 9
202 18 2
941 84 6
498 27 3
807 70 4
843 65 2
443 41 5
702 61 10
52 66 2
726 95 8
260 74 5
369 75 5
829 32 5
98 100 3
107 7 2
415 24 9
198 54 2
772 52 5
381 24 2
533 71 7
870 69 9
548 54 1
434 95 4
530 7 5
288 95 9
454 27 9
135 36 4
766 92 5
545 77 8
653 72 7
843 21 3
167 52 8
804 20 10
157 76 9
891 65 3
453 27 3
944 90 8
266 15 4
660 46 7
181 27 9
638 8 5
822 91 7
460 72 2
198 95 5
795 100 5
272 81 2
602 58 8
140 13 8
146 57 8
863 39 5
163 98 1
873 20 9
580 46 9
480 34 6
917 77 5
895 71 3
582 30 4
429 98 10
859 64 10
15 76 9
19 34 5
495 100 3
134 41 3
923 64 2
329 84 3
177 18 1
498 23 3
973 63 8
303 22 7
24 33 4
350 31 8
72 83 6
878 83 6
258 83 7
506 90 1
128 21 6
366 27 9
531 31 8
975 87 2
124 24 6
575 94 2
438 99 9
37 93 4
337 78 1
972 9 5
118 92 9
480 91 1
198 58 6
411 72 3
886 58 10
167 14 8
447 93 3
27 9 2
913 77 8
380 22 5
650 42 10
395 88 4
268 70 6
105 69 1
807 43 4
997 23 7
465 5 7
740 8 7
603 64 8
201 60 9
810 61 3
578 69 4
66 38 4
362 20 9
770 34 8
647 14 3
361 63 4
448 72 5
131 55 1
965 89 6
597 27 10
674 14 6
497 77 9
565 81 4
789 5 6
441 25 7
30 21 3
27 8 10
698 93 9
669 73 7
281 93 6
775 96 8
681 45 9
848 43 8
101 20 4
175 63 4
148 31 8
404 7 6
359 99 5
203 75 9
645 92 2
321 35 9
487 89 7
50 7 3
865 59 8
906 34 8
485 36 9
725 87 1
534 26 10
377 78 6
115 59 3
112 20 5
555 49 4
240 85 9
902 60 3
639 24 1
554 35 7
423 47 8
68 69 5
